	Sample-1	Sample-10	Sample-11	Sample-12	Sample-14	Sample-15	Sample-16	Sample-17	Sample-18	Sample-19	Sample-2	Sample-20	Sample-21	Sample-22	Sample-24	Sample-25	Sample-26	Sample-27	Sample-28	Sample-29	Sample-3	Sample-30	Sample-31	Sample-33	Sample-34	Sample-35	Sample-36	Sample-37	Sample-38	Sample-39	Sample-4	Sample-40	Sample-41	Sample-42	Sample-43	Sample-44	Sample-45	Sample-46	Sample-47	Sample-48	Sample-49	Sample-5	Sample-50	Sample-51	Sample-52	Sample-53	Sample-54	Sample-55	Sample-56	Sample-57	Sample-58	Sample-59	Sample-6	Sample-61	Sample-62	Sample-63	Sample-64	Sample-65	Sample-66	Sample-67	Sample-68	Sample-69	Sample-7	Sample-70	Sample-71	Sample-72	Sample-73	Sample-74	Sample-76	Sample-77	Sample-78	Sample-79	Sample-8	Sample-80	Sample-81	Sample-82	Sample-83	Sample-84	Sample-85	Sample-86	Sample-87	Sample-88	Sample-89	Sample-9	Sample-90	Sample-91	Sample-92	Sample-93	Sample-94	Sample-95	Sample-96	Sample-97	Sample-98	Sample-99
Sample-1	0	1	0.77	1	1	1	1	1	1	1	1	1	1	1	1	1	0.903333333333333	1	0.998666666666667	1	0.761333333333333	0.97	1	0.836666666666667	1	1	1	1	1	0.994	1	1	1	1	1	1	1	1	1	1	1	1	1	0.982666666666667	1	0.998	1	0.77	1	0.77	1	0.999333333333333	1	1	1	1	1	1	1	1	1	1	0.77	1	1	1	1	1	0.925333333333333	1	0.908	1	1	0.948666666666667	1	0.983333333333333	1	0.77	1	0.769333333333333	1	1	1	0.77	0.915333333333333	1	1	1	0.98	1	1	1	1	1
Sample-10	1	0	1	0.976666666666667	1	0.999333333333333	1	0.983333333333333	1	1	0.946666666666667	1	1	1	1	0.994666666666667	1	0.808	1	0.310666666666667	1	1	0.76	1	0.958666666666667	1	0.996666666666667	1	0.545333333333333	1	0.868	0.638	0.997333333333333	0.792	0.998666666666667	0.999333333333333	1	0.734	1	0.988666666666667	1	1	0.845333333333333	1	1	1	1	1	1	1	0.999333333333333	1	0.718666666666667	1	1	1	0.994	1	1	1	0.718666666666667	0.999333333333333	1	1	1	1	1	1	1	1	1	1	0.998	1	1	1	1	1	1	1	1	1	1	1	1	0.998666666666667	1	0.998666666666667	1	1	0.989333333333333	0.983333333333333	1	1
Sample-11	0.77	1	0	1	1	1	1	1	1	1	1	1	1	1	1	1	0.906	1	1	1	0.554666666666667	0.97	1	0.836666666666667	1	1	1	1	1	1	1	1	1	1	1	1	1	1	1	1	1	0.999333333333333	1	0.998666666666667	1	0.998	1	0.582	1	0.698	1	0.999333333333333	1	1	1	1	1	1	1	0.999333333333333	1	1	0.746666666666667	1	1	1	1	1	0.925333333333333	1	0.985333333333333	1	1	0.948666666666667	1	0.983333333333333	1	0.554666666666667	1	0.686	1	1	1	0.617333333333333	0.915333333333333	1	1	1	1	1	1	1	1	1
Sample-12	1	0.976666666666667	1	0	0.999333333333333	0.988666666666667	1	1	0.811333333333333	1	0.507333333333333	0.930666666666667	1	0.986	0.962	1	1	0.976666666666667	1	0.962666666666667	1	1	0.961333333333333	1	0.964	1	0.996666666666667	1	0.976666666666667	0.978	0.691333333333333	0.976666666666667	1	0.976666666666667	1	0.996666666666667	0.982	0.846666666666667	0.998666666666667	0.980666666666667	0.998666666666667	1	0.976666666666667	1	1	1	1	1	1	1	0.993333333333333	1	0.976666666666667	1	0.811333333333333	1	0.996666666666667	1	1	1	0.967333333333333	0.998	1	0.995333333333333	0.994	0.951333333333333	0.994	0.981333333333333	1	0.987333333333333	1	1	0.997333333333333	1	1	0.998666666666667	1	1	1	1	0.811333333333333	1	1	1	1	0.811333333333333	1	0.996	0.811333333333333	0.865333333333333	0.961333333333333	0.976666666666667	0.970666666666667	1
Sample-14	1	1	1	0.999333333333333	0	0.999333333333333	1	1	0.999333333333333	1	1	0.999333333333333	1	0.999333333333333	0.999333333333333	1	1	1	1	0.999333333333333	1	1	0.999333333333333	1	0.999333333333333	1	1	1	1	0.999333333333333	0.999333333333333	1	1	1	1	0.999333333333333	0.999333333333333	0.999333333333333	0.999333333333333	0.999333333333333	0.999333333333333	1	1	1	1	1	1	1	1	1	0.999333333333333	1	1	1	0.999333333333333	1	0.999333333333333	1	1	1	0.999333333333333	0.999333333333333	1	0.999333333333333	0.999333333333333	0.999333333333333	0.999333333333333	0.999333333333333	1	0.999333333333333	1	1	1	1	1	0.999333333333333	1	1	1	1	0.999333333333333	1	1	1	1	0.999333333333333	1	0.999333333333333	0.999333333333333	0.999333333333333	0.999333333333333	0.999333333333333	0.999333333333333	1
Sample-15	1	0.999333333333333	1	0.988666666666667	0.999333333333333	0	1	1	0.989333333333333	1	0.999333333333333	0.989333333333333	1	0.989333333333333	0.989333333333333	1	1	0.999333333333333	1	0.989333333333333	1	1	0.998666666666667	1	0.988666666666667	1	0.999333333333333	1	0.999333333333333	0.989333333333333	0.988666666666667	0.999333333333333	1	0.999333333333333	1	0.997333333333333	0.989333333333333	0.994666666666667	0.998666666666667	0.991333333333333	0.998666666666667	1	0.999333333333333	1	1	1	1	1	1	1	0.999333333333333	1	0.999333333333333	1	0.989333333333333	1	0.996666666666667	1	1	1	0.99	0.998	1	0.995333333333333	0.994	0.989333333333333	0.994	0.989333333333333	1	0.989333333333333	1	1	0.999333333333333	1	1	0.998666666666667	1	1	1	1	0.989333333333333	1	1	1	1	0.989333333333333	1	0.996	0.989333333333333	0.989333333333333	0.989333333333333	0.989333333333333	0.989333333333333	1
Sample-16	1	1	1	1	1	1	0	1	1	1	1	1	1	1	1	1	1	1	1	1	1	1	1	1	1	1	1	1	1	1	1	1	0.996	1	1	1	1	1	1	1	0.999333333333333	1	1	1	1	1	1	0.999333333333333	1	1	1	1	1	1	1	1	1	1	1	0.999333333333333	1	1	0.999333333333333	1	1	1	1	1	1	1	1	1	1	1	1	1	1	1	1	1	1	1	1	1	1	1	1	1	1	1	1	1	1	1
Sample-17	1	0.983333333333333	1	1	1	1	1	0	1	1	1	1	1	1	1	1	1	0.962	1	0.998	1	1	1	1	1	1	1	1	0.999333333333333	1	0.988	1	0.996666666666667	0.962	0.998666666666667	1	1	1	1	0.999333333333333	1	1	1	1	1	1	1	1	1	1	1	1	0.996	1	0.994666666666667	1	1	1	1	1	1	0.508	1	1	1	1	1	1	1	1	1	1	1	1	1	1	0.998	1	1	1	1	1	1	1	1	0.997333333333333	1	0.977333333333333	1	0.999333333333333	0.986666666666667	0.964	1	1
Sample-18	1	1	1	0.811333333333333	0.999333333333333	0.989333333333333	1	1	0	1	1	0.93	1	0.986	0.962	1	1	1	1	0.962666666666667	1	1	0.999333333333333	1	0.972	1	1	1	1	0.978	0.282	1	1	1	1	0.987333333333333	0.982	0.995333333333333	0.998666666666667	0.992	0.998666666666667	1	1	1	1	1	1	1	1	1	0.999333333333333	1	1	1	0.256666666666667	1	0.996666666666667	1	1	0.984666666666667	0.990666666666667	0.998	1	0.983333333333333	0.978666666666667	0.951333333333333	0.994	0.981333333333333	1	0.987333333333333	1	1	1	1	1	0.998666666666667	1	1	1	1	0.116	1	1	1	1	0.249333333333333	1	0.987333333333333	0.0566666666666667	0.865333333333333	0.961333333333333	0.976666666666667	0.970666666666667	1
Sample-19	1	1	1	1	1	1	1	1	1	0	1	1	1	1	1	1	1	1	1	1	1	1	1	1	1	1	1	1	1	1	1	1	1	1	1	1	1	1	1	1	1	1	1	1	1	1	0.94	1	1	1	1	1	1	1	0.996666666666667	1	1	1	1	1	0.999333333333333	1	1	1	0.98	1	1	1	1	1	1	1	1	1	0.976	1	1	1	1	1	1	1	1	1	1	1	1	1	1	1	1	1	1	1
Sample-2	1	0.946666666666667	1	0.507333333333333	1	0.999333333333333	1	1	1	1	0	1	1	1	1	0.994666666666667	1	0.954666666666667	1	0.992	1	1	0.94	1	0.958666666666667	1	0.996666666666667	1	0.946666666666667	1	0.85	0.946666666666667	1	0.946666666666667	1	0.998666666666667	1	0.829333333333333	1	0.988666666666667	1	1	0.954666666666667	1	0.999333333333333	1	1	1	1	1	0.993333333333333	1	0.954666666666667	1	1	1	0.994	1	1	1	0.954666666666667	1	1	1	1	1	1	1	1	0.999333333333333	1	1	0.997333333333333	1	1	1	1	1	1	1	0.999333333333333	1	1	1	1	1	1	1	1	1	1	1	1	1
Sample-20	1	1	1	0.930666666666667	0.999333333333333	0.989333333333333	1	1	0.93	1	1	0	1	0.479333333333333	0.962	1	1	1	1	0.962666666666667	1	1	0.999333333333333	1	0.986666666666667	1	1	1	1	0.978	0.930666666666667	1	1	1	1	0.997333333333333	0.982	0.995333333333333	0.998666666666667	0.992	0.953333333333333	1	1	1	1	1	1	1	1	1	0.999333333333333	1	1	1	0.930666666666667	1	0.996666666666667	1	1	0.999333333333333	0.990666666666667	0.998	1	0.994666666666667	0.993333333333333	0.948666666666667	0.994	0.771333333333333	1	0.987333333333333	1	1	1	1	1	0.998666666666667	1	1	1	1	0.930666666666667	1	1	1	1	0.930666666666667	1	0.995333333333333	0.930666666666667	0.93	0.961333333333333	0.976666666666667	0.970666666666667	1
Sample-21	1	1	1	1	1	1	1	1	1	1	1	1	0	1	1	1	1	1	1	1	1	1	0.626	1	1	1	0.460666666666667	1	1	1	1	1	1	1	1	1	1	1	1	0.456	1	1	1	1	0.704666666666667	1	0.476	1	0.46	1	0.466	1	1	1	1	1	0.505333333333333	1	0.631333333333333	1	1	0.728666666666667	1	1	1	1	0.631333333333333	1	1	1	1	1	1	1	1	1	1	1	1	1	1	1	0.999333333333333	1	1	1	1	1	1	0.999333333333333	1	0.628666666666667	1	0.625333333333333
Sample-22	1	1	1	0.986	0.999333333333333	0.989333333333333	1	1	0.986	1	1	0.479333333333333	1	0	0.986	1	1	1	1	0.986	1	1	0.999333333333333	1	0.987333333333333	1	1	1	1	0.986	0.986	1	0.729333333333333	1	1	0.998	0.986	0.995333333333333	0.998666666666667	0.992	0.998666666666667	1	1	1	1	1	1	1	1	1	0.999333333333333	1	1	1	0.986	1	0.732666666666667	0.729333333333333	1	1	0.990666666666667	0.998	1	0.995333333333333	0.994	0.718	0.994	0.986	1	0.987333333333333	1	1	1	1	1	0.998666666666667	1	1	1	1	0.986	1	1	1	1	0.986	1	0.996	0.986	0.986	0.986	0.986	0.986	1
Sample-24	1	1	1	0.962	0.999333333333333	0.989333333333333	1	1	0.962	1	1	0.962	1	0.986	0	1	1	1	1	0.962666666666667	1	1	0.999333333333333	1	0.987333333333333	1	1	1	1	0.978	0.962	1	1	1	1	0.998	0.977333333333333	0.995333333333333	0.754666666666667	0.992	0.998666666666667	1	1	1	1	1	1	1	1	1	0.999333333333333	1	1	1	0.962	1	0.996666666666667	1	1	1	0.990666666666667	0.998	1	0.841333333333333	0.954666666666667	0.962	0.994	0.981333333333333	1	0.987333333333333	1	1	1	0.749333333333333	1	0.998666666666667	1	1	1	1	0.961333333333333	1	1	1	1	0.962	1	0.996	0.962	0.962	0.962	0.976666666666667	0.970666666666667	1
Sample-25	1	0.994666666666667	1	1	1	1	1	1	1	1	0.994666666666667	1	1	1	1	0	1	1	1	0.994666666666667	1	1	1	1	1	1	1	1	0.994666666666667	1	0.994666666666667	0.994666666666667	1	0.994666666666667	1	0.984	1	1	1	1	1	1	1	1	1	1	1	1	1	1	0.999333333333333	1	1	1	1	1	0.994666666666667	1	1	1	1	1	1	1	1	1	1	1	1	1	1	1	1	1	1	1	1	1	1	1	1	1	1	1	1	1	1	1	1	1	1	1	1	1
Sample-26	0.903333333333333	1	0.906	1	1	1	1	1	1	1	1	1	1	1	1	1	0	1	0.998666666666667	1	0.903333333333333	0.379333333333333	1	0.906	1	1	1	1	1	1	1	1	1	1	1	1	1	1	1	1	1	1	1	0.495333333333333	1	0.998	1	0.906	1	0.906	1	0.999333333333333	1	1	1	1	1	1	1	1	1	1	0.906	1	1	1	1	1	0.925333333333333	1	0.982666666666667	1	1	0.948666666666667	1	0.983333333333333	1	0.906	1	0.906	1	1	1	0.906	0.916	1	1	1	1	1	1	1	1	1
Sample-27	1	0.808	1	0.976666666666667	1	0.999333333333333	1	0.962	1	1	0.954666666666667	1	1	1	1	1	1	0	1	0.998	1	1	0.824666666666667	1	0.958666666666667	1	0.996666666666667	1	0.824666666666667	1	0.881333333333333	0.824666666666667	0.996666666666667	0.098	0.998666666666667	0.999333333333333	1	0.824666666666667	1	0.988666666666667	1	1	0.845333333333333	1	1	1	1	1	1	1	1	1	0.824666666666667	1	1	1	1	1	1	1	0.824666666666667	0.998666666666667	1	1	1	1	1	1	1	1	1	1	0.998	1	1	1	1	1	1	1	0.999333333333333	1	1	1	1	0.997333333333333	1	0.998	1	0.999333333333333	0.986666666666667	0.958	1	1
Sample-28	0.998666666666667	1	1	1	1	1	1	1	1	1	1	1	1	1	1	1	0.998666666666667	1	0	1	0.998666666666667	1	1	1	1	1	1	1	1	1	1	1	1	1	1	1	1	1	1	1	1	1	1	0.998666666666667	1	1	1	1	1	1	1	1	1	1	1	1	1	1	1	1	1	1	1	1	1	1	1	1	1	1	0.998666666666667	1	1	1	1	1	1	1	1	1	1	1	1	1	1	1	1	1	1	1	1	1	1	1
Sample-29	1	0.310666666666667	1	0.962666666666667	0.999333333333333	0.989333333333333	1	0.998	0.962666666666667	1	0.992	0.962666666666667	1	0.986	0.962666666666667	0.994666666666667	1	0.998	1	0	1	1	0.999333333333333	1	0.987333333333333	1	1	1	0.826	0.978	0.949333333333333	0.919333333333333	0.999333333333333	0.939333333333333	1	0.998	0.982	0.995333333333333	0.998666666666667	0.992	0.998666666666667	1	1	1	1	1	1	1	1	1	0.998666666666667	1	1	1	0.962666666666667	1	0.990666666666667	1	1	1	0.990666666666667	0.998	1	0.995333333333333	0.994	0.962666666666667	0.994	0.981333333333333	1	0.987333333333333	1	1	1	1	1	0.998666666666667	1	1	1	1	0.962666666666667	1	1	1	1	0.961333333333333	1	0.995333333333333	0.962666666666667	0.962	0.962666666666667	0.974666666666667	0.970666666666667	1
Sample-3	0.761333333333333	1	0.554666666666667	1	1	1	1	1	1	1	1	1	1	1	1	1	0.903333333333333	1	0.998666666666667	1	0	0.97	1	0.838	1	1	1	1	1	1	1	1	1	1	1	1	1	1	1	1	1	1	1	0.99	1	0.998	1	0.581333333333333	1	0.698	1	0.999333333333333	1	1	1	1	1	1	1	1	1	1	0.749333333333333	1	1	1	1	1	0.925333333333333	1	0.976666666666667	1	1	0.948666666666667	1	0.983333333333333	1	0.479333333333333	1	0.688666666666667	1	1	1	0.62	0.916	1	1	1	1	1	1	1	1	1
Sample-30	0.97	1	0.97	1	1	1	1	1	1	1	1	1	1	1	1	1	0.379333333333333	1	1	1	0.97	0	1	0.97	1	1	1	1	1	1	1	1	1	1	0.999333333333333	1	1	1	1	1	1	1	1	0.490666666666667	1	0.998	1	0.97	1	0.97	1	0.999333333333333	1	0.999333333333333	1	1	1	1	1	1	1	1	0.97	1	1	1	1	1	0.97	1	0.985333333333333	1	1	0.97	1	0.983333333333333	1	0.97	1	0.97	1	0.999333333333333	1	0.97	0.97	1	1	1	1	1	1	1	1	1
Sample-31	1	0.76	1	0.961333333333333	0.999333333333333	0.998666666666667	1	1	0.999333333333333	1	0.94	0.999333333333333	0.626	0.999333333333333	0.999333333333333	1	1	0.824666666666667	1	0.999333333333333	1	1	0	1	0.958	1	0.996666666666667	1	0.759333333333333	0.999333333333333	0.866	0.76	1	0.867333333333333	1	0.998	0.999333333333333	0.744666666666667	0.999333333333333	0.988	0.999333333333333	1	0.845333333333333	1	0.994	1	1	1	1	1	0.993333333333333	1	0.76	1	0.999333333333333	1	0.999333333333333	1	0.33	1	0.759333333333333	0.725333333333333	1	0.999333333333333	0.999333333333333	0.999333333333333	0.316666666666667	0.999333333333333	1	0.999333333333333	1	1	0.997333333333333	1	1	0.999333333333333	1	1	1	1	0.999333333333333	1	1	1	1	0.999333333333333	1	0.999333333333333	0.999333333333333	0.998666666666667	0.999333333333333	0.325333333333333	0.999333333333333	0.53
Sample-33	0.836666666666667	1	0.836666666666667	1	1	1	1	1	1	1	1	1	1	1	1	1	0.906	1	1	1	0.838	0.97	1	0	1	0.3	1	0.850666666666667	1	1	1	0.782	0.988666666666667	1	0.768666666666667	1	1	1	1	1	1	1	1	0.580666666666667	1	0.244	1	0.836666666666667	1	0.532	1	0.249333333333333	1	0.26	1	0.992666666666667	1	1	1	0.954666666666667	1	1	0.582666666666667	1	1	1	1	1	0.925333333333333	1	0.892666666666667	1	1	0.948666666666667	1	0.276	1	0.798	1	0.220666666666667	1	0.262	1	0.836666666666667	0.916	1	0.985333333333333	1	1	1	1	1	1	1
Sample-34	1	0.958666666666667	1	0.964	0.999333333333333	0.988666666666667	1	1	0.972	1	0.958666666666667	0.986666666666667	1	0.987333333333333	0.987333333333333	1	1	0.958666666666667	1	0.987333333333333	1	1	0.958	1	0	1	0.996666666666667	1	0.958666666666667	0.987333333333333	0.946	0.956666666666667	1	0.958666666666667	1	0.986666666666667	0.987333333333333	0.952	0.998666666666667	0.980666666666667	0.998666666666667	1	0.958666666666667	1	1	1	1	1	1	1	0.999333333333333	1	0.958666666666667	1	0.987333333333333	1	0.996666666666667	1	1	0.963333333333333	0.947333333333333	0.998	1	0.983333333333333	0.916	0.987333333333333	0.994	0.987333333333333	1	0.987333333333333	1	1	0.998	1	1	0.998666666666667	1	1	1	1	0.987333333333333	1	1	1	1	0.987333333333333	1	0.984	0.987333333333333	0.987333333333333	0.987333333333333	0.987333333333333	0.987333333333333	1
Sample-35	1	1	1	1	1	1	1	1	1	1	1	1	1	1	1	1	1	1	1	1	1	1	1	0.3	1	0	1	0.857333333333333	1	1	1	0.784	0.989333333333333	1	0.776666666666667	1	1	1	1	1	1	1	1	0.604	1	0.215333333333333	1	0.998666666666667	1	0.694666666666667	1	0.217333333333333	1	0.201333333333333	1	0.992666666666667	1	1	1	0.954666666666667	1	1	0.746	1	1	1	1	1	1	1	0.907333333333333	1	1	1	1	0.082	1	0.963333333333333	1	0.394666666666667	1	0.192	1	1	1	1	0.985333333333333	1	1	1	1	1	1	1
Sample-36	1	0.996666666666667	1	0.996666666666667	1	0.999333333333333	1	1	1	1	0.996666666666667	1	0.460666666666667	1	1	1	1	0.996666666666667	1	1	1	1	0.996666666666667	1	0.996666666666667	1	0	1	0.996	1	0.996666666666667	0.996666666666667	1	0.996	1	0.999333333333333	1	0.996666666666667	1	0.396666666666667	1	1	0.996666666666667	1	0.71	1	0.309333333333333	1	0.287333333333333	1	0.316666666666667	1	0.996666666666667	1	0.999333333333333	1	0.497333333333333	1	1	1	0.996666666666667	1	1	1	1	1	1	1	1	1	1	1	0.998	1	1	1	1	1	1	1	1	1	0.997333333333333	1	1	1	1	1	1	1	1	1	1	1
Sample-37	1	1	1	1	1	1	1	1	1	1	1	1	1	1	1	1	1	1	1	1	1	1	1	0.850666666666667	1	0.857333333333333	1	0	1	1	1	0.858	0.989333333333333	1	0.856	1	1	1	1	1	1	1	1	0.852	1	0.849333333333333	1	0.998666666666667	1	0.858666666666667	1	0.833333333333333	1	0.852	1	0.992666666666667	1	1	1	0.954666666666667	1	1	0.858666666666667	1	1	1	1	1	1	1	0.907333333333333	1	1	1	1	0.855333333333333	1	0.962666666666667	1	0.856	1	0.852	1	1	1	1	0.985333333333333	1	1	1	1	1	1	1
Sample-38	1	0.545333333333333	1	0.976666666666667	1	0.999333333333333	1	0.999333333333333	1	1	0.946666666666667	1	1	1	1	0.994666666666667	1	0.824666666666667	1	0.826	1	1	0.759333333333333	1	0.958666666666667	1	0.996	1	0	1	0.867333333333333	0.52	1	0.806666666666667	1	0.999333333333333	1	0.734	1	0.988	1	1	0.845333333333333	1	1	1	1	1	1	1	0.999333333333333	1	0.214	1	0.998	1	0.994	1	1	1	0.214666666666667	1	1	1	1	1	1	1	1	1	1	1	0.998	1	1	1	0.999333333333333	1	1	1	1	1	1	1	1	1	1	0.999333333333333	1	1	1	1	1	1
Sample-39	0.994	1	1	0.978	0.999333333333333	0.989333333333333	1	1	0.978	1	1	0.978	1	0.986	0.978	1	1	1	1	0.978	1	1	0.999333333333333	1	0.987333333333333	1	1	1	1	0	0.978	1	1	1	1	0.998	0.982	0.995333333333333	0.998666666666667	0.992	0.998666666666667	1	1	1	1	1	1	1	1	1	0.999333333333333	1	1	1	0.978	1	0.996666666666667	1	1	1	0.990666666666667	0.998	1	0.995333333333333	0.994	0.978	0.994	0.981333333333333	1	0.987333333333333	1	1	1	1	1	0.998666666666667	1	1	1	1	0.978	1	1	1	1	0.978	1	0.996	0.972	0.978	0.978	0.978	0.978	1
Sample-4	1	0.868	1	0.691333333333333	0.999333333333333	0.988666666666667	1	0.988	0.282	1	0.85	0.930666666666667	1	0.986	0.962	0.994666666666667	1	0.881333333333333	1	0.949333333333333	1	1	0.866	1	0.946	1	0.996666666666667	1	0.867333333333333	0.978	0	0.868	1	0.868	1	0.996666666666667	0.982	0.78	0.998666666666667	0.98	0.998666666666667	1	0.881333333333333	1	1	1	1	1	1	1	0.992666666666667	1	0.877333333333333	1	0.276666666666667	1	0.990666666666667	1	1	1	0.872	0.998	1	0.995333333333333	0.994	0.951333333333333	0.994	0.981333333333333	1	0.987333333333333	1	1	0.997333333333333	1	1	0.998666666666667	0.998	1	1	1	0.282	1	1	1	1	0.282	1	0.984	0.282	0.865333333333333	0.961333333333333	0.976666666666667	0.970666666666667	1
Sample-40	1	0.638	1	0.976666666666667	1	0.999333333333333	1	1	1	1	0.946666666666667	1	1	1	1	0.994666666666667	1	0.824666666666667	1	0.919333333333333	1	1	0.76	0.782	0.956666666666667	0.784	0.996666666666667	0.858	0.52	1	0.868	0	0.989333333333333	0.808666666666667	0.786	0.999333333333333	1	0.723333333333333	1	0.988666666666667	1	1	0.845333333333333	0.784	1	0.781333333333333	1	0.998666666666667	1	0.786	0.999333333333333	0.780666666666667	0.600666666666667	0.783333333333333	1	0.992666666666667	0.994	1	1	0.954666666666667	0.59	1	0.786	1	1	1	1	1	1	0.999333333333333	0.907333333333333	1	0.998	1	1	0.785333333333333	1	0.963333333333333	1	0.786	0.997333333333333	0.784666666666667	1	1	1	1	0.985333333333333	1	1	1	1	1	1	1
Sample-41	1	0.997333333333333	1	1	1	1	0.996	0.996666666666667	1	1	1	1	1	0.729333333333333	1	1	1	0.996666666666667	1	0.999333333333333	1	1	1	0.988666666666667	1	0.989333333333333	1	0.989333333333333	1	1	1	0.989333333333333	0	0.996666666666667	0.987333333333333	1	1	1	1	1	1	1	1	0.988	1	0.986	1	0.998666666666667	1	0.989333333333333	1	0.988666666666667	1	0.986666666666667	1	0.992666666666667	0.650666666666667	0.344666666666667	1	0.989333333333333	1	0.999333333333333	0.989333333333333	1	1	0.642	1	1	1	1	0.989333333333333	1	1	1	1	0.989333333333333	1	0.989333333333333	1	0.987333333333333	1	0.986	1	1	1	0.999333333333333	0.989333333333333	0.998	1	0.999333333333333	0.997333333333333	0.996666666666667	1	1
Sample-42	1	0.792	1	0.976666666666667	1	0.999333333333333	1	0.962	1	1	0.946666666666667	1	1	1	1	0.994666666666667	1	0.098	1	0.939333333333333	1	1	0.867333333333333	1	0.958666666666667	1	0.996	1	0.806666666666667	1	0.868	0.808666666666667	0.996666666666667	0	0.998666666666667	0.999333333333333	1	0.867333333333333	1	0.988666666666667	1	1	0.867333333333333	1	1	1	1	1	1	1	0.999333333333333	1	0.867333333333333	1	0.973333333333333	1	0.994	1	1	1	0.867333333333333	0.999333333333333	1	1	1	1	1	1	1	1	1	1	0.998	1	1	1	1	1	1	1	1	1	1	1	1	0.997333333333333	1	0.998	1	0.999333333333333	0.986666666666667	0.958	1	1
Sample-43	1	0.998666666666667	1	1	1	1	1	0.998666666666667	1	1	1	1	1	1	1	1	1	0.998666666666667	1	1	1	0.999333333333333	1	0.768666666666667	1	0.776666666666667	1	0.856	1	1	1	0.786	0.987333333333333	0.998666666666667	0	1	0.999333333333333	1	0.999333333333333	1	0.999333333333333	1	1	0.772666666666667	1	0.768	1	0.998666666666667	1	0.777333333333333	1	0.767333333333333	1	0.77	1	0.992	1	1	1	0.954666666666667	1	0.999333333333333	0.777333333333333	1	1	1	1	1	1	1	0.907333333333333	1	1	1	1	0.776666666666667	1	0.963333333333333	1	0.776	1	0.692	1	1	0.999333333333333	1	0.985333333333333	0.998666666666667	1	1	0.998666666666667	0.998666666666667	1	1
Sample-44	1	0.999333333333333	1	0.996666666666667	0.999333333333333	0.997333333333333	1	1	0.987333333333333	1	0.998666666666667	0.997333333333333	1	0.998	0.998	0.984	1	0.999333333333333	1	0.998	1	1	0.998	1	0.986666666666667	1	0.999333333333333	1	0.999333333333333	0.998	0.996666666666667	0.999333333333333	1	0.999333333333333	1	0	0.998	0.996666666666667	0.998666666666667	0.997333333333333	0.998666666666667	1	0.999333333333333	1	1	1	1	1	1	1	0.998666666666667	1	0.999333333333333	1	0.998	1	0.998	0.988	1	0.989333333333333	0.997333333333333	0.998	1	0.988	0.987333333333333	0.998	0.998	0.998	1	0.998	1	1	0.998666666666667	1	1	0.998666666666667	0.995333333333333	1	0.998666666666667	1	0.998	1	1	1	1	0.998	1	0.991333333333333	0.998	0.998	0.998	0.998	0.998	1
Sample-45	1	1	1	0.982	0.999333333333333	0.989333333333333	1	1	0.982	1	1	0.982	1	0.986	0.977333333333333	1	1	1	1	0.982	1	1	0.999333333333333	1	0.987333333333333	1	1	1	1	0.982	0.982	1	1	1	0.999333333333333	0.998	0	0.995333333333333	0.991333333333333	0.992	0.996	1	1	1	1	1	1	1	1	1	0.999333333333333	1	1	1	0.982	0.997333333333333	0.996666666666667	1	1	1	0.990666666666667	0.998	1	0.990666666666667	0.989333333333333	0.982	0.994	0.982	1	0.987333333333333	1	1	1	0.995333333333333	1	0.998666666666667	1	1	1	1	0.982	1	1	1	0.998666666666667	0.982	1	0.996	0.982	0.982	0.982	0.982	0.982	1
Sample-46	1	0.734	1	0.846666666666667	0.999333333333333	0.994666666666667	1	1	0.995333333333333	1	0.829333333333333	0.995333333333333	1	0.995333333333333	0.995333333333333	1	1	0.824666666666667	1	0.995333333333333	1	1	0.744666666666667	1	0.952	1	0.996666666666667	1	0.734	0.995333333333333	0.78	0.723333333333333	1	0.867333333333333	1	0.996666666666667	0.995333333333333	0	0.998666666666667	0.984	0.998666666666667	1	0.845333333333333	1	1	1	1	1	1	1	0.993333333333333	1	0.734	1	0.995333333333333	1	0.996666666666667	1	1	1	0.716	0.998	1	0.995333333333333	0.995333333333333	0.995333333333333	0.995333333333333	0.995333333333333	1	0.995333333333333	1	1	0.997333333333333	1	1	0.998666666666667	1	1	1	1	0.995333333333333	1	1	1	1	0.995333333333333	1	0.996	0.995333333333333	0.995333333333333	0.995333333333333	0.995333333333333	0.995333333333333	1
Sample-47	1	1	1	0.998666666666667	0.999333333333333	0.998666666666667	1	1	0.998666666666667	1	1	0.998666666666667	1	0.998666666666667	0.754666666666667	1	1	1	1	0.998666666666667	1	1	0.999333333333333	1	0.998666666666667	1	1	1	1	0.998666666666667	0.998666666666667	1	1	1	0.999333333333333	0.998666666666667	0.991333333333333	0.998666666666667	0	0.998666666666667	0.994	1	1	1	1	1	1	1	1	1	0.999333333333333	1	1	0.999333333333333	0.998666666666667	0.993333333333333	0.998666666666667	1	1	1	0.998666666666667	0.998666666666667	1	0.844	0.959333333333333	0.998666666666667	0.998666666666667	0.998666666666667	1	0.998666666666667	1	1	1	0.704	1	0.998666666666667	1	1	1	1	0.998666666666667	1	1	1	0.998666666666667	0.998666666666667	1	0.998666666666667	0.998666666666667	0.998666666666667	0.998666666666667	0.998666666666667	0.998666666666667	1
Sample-48	1	0.988666666666667	1	0.980666666666667	0.999333333333333	0.991333333333333	1	0.999333333333333	0.992	1	0.988666666666667	0.992	0.456	0.992	0.992	1	1	0.988666666666667	1	0.992	1	1	0.988	1	0.980666666666667	1	0.396666666666667	1	0.988	0.992	0.98	0.988666666666667	1	0.988666666666667	1	0.997333333333333	0.992	0.984	0.998666666666667	0	0.998666666666667	1	0.988666666666667	1	0.708666666666667	1	0.418666666666667	1	0.393333333333333	1	0.407333333333333	1	0.988	1	0.991333333333333	1	0.491333333333333	1	1	1	0.980666666666667	0.998	1	0.995333333333333	0.994	0.992	0.994	0.992	1	0.992	1	1	0.998	1	1	0.998666666666667	0.999333333333333	1	1	1	0.992	1	1	1	1	0.992	1	0.995333333333333	0.992	0.992	0.992	0.992	0.992	1
Sample-49	1	1	1	0.998666666666667	0.999333333333333	0.998666666666667	0.999333333333333	1	0.998666666666667	1	1	0.953333333333333	1	0.998666666666667	0.998666666666667	1	1	1	1	0.998666666666667	1	1	0.999333333333333	1	0.998666666666667	1	1	1	1	0.998666666666667	0.998666666666667	1	1	1	0.999333333333333	0.998666666666667	0.996	0.998666666666667	0.994	0.998666666666667	0	1	1	1	1	1	1	0.999333333333333	1	1	0.999333333333333	1	1	1	0.998666666666667	0.995333333333333	0.998666666666667	1	1	0.999333333333333	0.998666666666667	0.998666666666667	0.999333333333333	0.998666666666667	0.998666666666667	0.998666666666667	0.998666666666667	0.998666666666667	1	0.998666666666667	1	1	1	1	1	0.998666666666667	1	1	1	1	0.998666666666667	1	1	1	0.998666666666667	0.998666666666667	1	0.998666666666667	0.998666666666667	0.998666666666667	0.998666666666667	0.998666666666667	0.998666666666667	1
Sample-5	1	1	0.999333333333333	1	1	1	1	1	1	1	1	1	1	1	1	1	1	1	1	1	1	1	1	1	1	1	1	1	1	1	1	1	1	1	1	1	1	1	1	1	1	0	1	1	1	1	1	1	1	1	1	1	1	1	1	1	1	1	1	1	1	1	1	1	1	1	1	1	1	1	1	1	1	1	1	1	1	1	1	1	1	1	1	1	1	1	1	1	1	1	1	1	1	1
Sample-50	1	0.845333333333333	1	0.976666666666667	1	0.999333333333333	1	1	1	1	0.954666666666667	1	1	1	1	1	1	0.845333333333333	1	1	1	1	0.845333333333333	1	0.958666666666667	1	0.996666666666667	1	0.845333333333333	1	0.881333333333333	0.845333333333333	1	0.867333333333333	1	0.999333333333333	1	0.845333333333333	1	0.988666666666667	1	1	0	1	1	1	1	1	1	1	1	1	0.845333333333333	1	1	1	1	1	0.998666666666667	1	0.845333333333333	1	1	1	1	1	1	1	1	1	1	1	0.998	1	1	1	1	1	1	1	1	1	1	1	1	1	1	1	1	1	1	1	1	1
Sample-51	0.982666666666667	1	0.998666666666667	1	1	1	1	1	1	1	1	1	1	1	1	1	0.495333333333333	1	0.998666666666667	1	0.99	0.490666666666667	1	0.580666666666667	1	0.604	1	0.852	1	1	1	0.784	0.988	1	0.772666666666667	1	1	1	1	1	1	1	1	0	1	0.569333333333333	1	0.997333333333333	1	0.692666666666667	1	0.572666666666667	1	0.583333333333333	1	0.992666666666667	1	1	1	0.954666666666667	1	1	0.744666666666667	1	1	1	1	1	0.998666666666667	1	0.889333333333333	1	1	0.998666666666667	1	0.598666666666667	1	0.960666666666667	1	0.600666666666667	1	0.582666666666667	1	0.998666666666667	0.998666666666667	1	0.985333333333333	1	1	1	1	1	1	1
Sample-52	1	1	1	1	1	1	1	1	1	1	0.999333333333333	1	0.704666666666667	1	1	1	1	1	1	1	1	1	0.994	1	1	1	0.71	1	1	1	1	1	1	1	1	1	1	1	1	0.708666666666667	1	1	1	1	0	1	0.711333333333333	1	0.702666666666667	1	0.706	1	1	1	1	1	0.71	1	0.994	1	1	0.994	1	1	1	1	0.994	1	1	0.996	1	1	1	1	1	1	1	1	1	1	0.996	1	1	1	1	1	1	1	1	1	1	0.994	1	0.994
Sample-53	0.998	1	0.998	1	1	1	1	1	1	1	1	1	1	1	1	1	0.998	1	1	1	0.998	0.998	1	0.244	1	0.215333333333333	1	0.849333333333333	1	1	1	0.781333333333333	0.986	1	0.768	1	1	1	1	1	1	1	1	0.569333333333333	1	0	1	0.996666666666667	1	0.688666666666667	1	0.144	1	0.153333333333333	1	0.992666666666667	1	1	1	0.953333333333333	1	1	0.744	1	1	1	1	1	0.998	1	0.904	1	1	0.998	1	0.206666666666667	1	0.959333333333333	1	0.381333333333333	1	0.162	1	0.998	0.998	1	0.985333333333333	1	1	1	1	1	1	1
Sample-54	1	1	1	1	1	1	1	1	1	0.94	1	1	0.476	1	1	1	1	1	1	1	1	1	1	1	1	1	0.309333333333333	1	1	1	1	1	1	1	1	1	1	1	1	0.418666666666667	1	1	1	1	0.711333333333333	1	0	1	0.255333333333333	1	0.325333333333333	1	1	1	0.997333333333333	1	0.510666666666667	1	1	1	0.999333333333333	1	1	1	0.98	1	1	1	1	1	1	1	1	1	0.976	1	1	1	1	1	1	1	0.998666666666667	1	1	1	1	1	1	1	1	1	1	1
Sample-55	0.77	1	0.582	1	1	1	0.999333333333333	1	1	1	1	1	1	1	1	1	0.906	1	1	1	0.581333333333333	0.97	1	0.836666666666667	1	0.998666666666667	1	0.998666666666667	1	1	1	0.998666666666667	0.998666666666667	1	0.998666666666667	1	1	1	1	1	0.999333333333333	1	1	0.997333333333333	1	0.996666666666667	1	0	1	0.696666666666667	1	0.998	1	0.998666666666667	1	0.998666666666667	1	1	1	0.998	1	1	0.746666666666667	1	1	1	1	1	0.925333333333333	1	0.984	1	1	0.948666666666667	1	0.982	1	0.580666666666667	1	0.687333333333333	1	0.998666666666667	1	0.618666666666667	0.916	1	0.998666666666667	1	1	1	1	1	1	1
Sample-56	1	1	1	1	1	1	1	1	1	1	1	1	0.46	1	1	1	1	1	1	1	1	1	1	1	1	1	0.287333333333333	1	1	1	1	1	1	1	1	1	1	1	1	0.393333333333333	1	1	1	1	0.702666666666667	1	0.255333333333333	1	0	1	0.312666666666667	1	1	1	1	1	0.499333333333333	1	1	1	1	1	1	1	1	1	1	1	1	1	1	1	1	1	1	1	1	1	1	1	1	1	0.998666666666667	1	1	1	1	1	1	1	1	1	1	1
Sample-57	0.77	1	0.698	1	1	1	1	1	1	1	1	1	1	1	1	1	0.906	1	1	1	0.698	0.97	1	0.532	1	0.694666666666667	1	0.858666666666667	1	1	1	0.786	0.989333333333333	1	0.777333333333333	1	1	1	1	1	1	1	1	0.692666666666667	1	0.688666666666667	1	0.696666666666667	1	0	1	0.693333333333333	1	0.694	1	0.992666666666667	1	1	1	0.954666666666667	1	1	0.495333333333333	1	1	1	1	1	0.925333333333333	1	0.892666666666667	1	1	0.948666666666667	1	0.660666666666667	1	0.661333333333333	1	0.392666666666667	1	0.694	1	0.698	0.916	1	0.985333333333333	1	1	1	1	1	1	1
Sample-58	1	0.999333333333333	1	0.993333333333333	0.999333333333333	0.999333333333333	1	1	0.999333333333333	1	0.993333333333333	0.999333333333333	0.466	0.999333333333333	0.999333333333333	0.999333333333333	1	1	1	0.998666666666667	1	1	0.993333333333333	1	0.999333333333333	1	0.316666666666667	1	0.999333333333333	0.999333333333333	0.992666666666667	0.999333333333333	1	0.999333333333333	1	0.998666666666667	0.999333333333333	0.993333333333333	0.999333333333333	0.407333333333333	0.999333333333333	1	1	1	0.706	1	0.325333333333333	1	0.312666666666667	1	0	1	1	1	0.999333333333333	1	0.500666666666667	1	1	1	0.999333333333333	0.999333333333333	1	0.999333333333333	0.999333333333333	0.999333333333333	0.999333333333333	0.999333333333333	1	0.999333333333333	1	1	0.999333333333333	1	1	0.999333333333333	1	1	1	1	0.999333333333333	1	0.998666666666667	1	1	0.999333333333333	1	0.999333333333333	0.999333333333333	0.999333333333333	0.999333333333333	0.999333333333333	0.999333333333333	1
Sample-59	0.999333333333333	1	0.999333333333333	1	1	1	1	1	1	1	1	1	1	1	1	1	0.999333333333333	1	1	1	0.999333333333333	0.999333333333333	1	0.249333333333333	1	0.217333333333333	1	0.833333333333333	1	1	1	0.780666666666667	0.988666666666667	1	0.767333333333333	1	1	1	1	1	1	1	1	0.572666666666667	1	0.144	1	0.998	1	0.693333333333333	1	0	1	0.160666666666667	1	0.992666666666667	1	1	1	0.954	1	1	0.745333333333333	1	1	1	1	1	0.999333333333333	1	0.888666666666667	1	1	0.999333333333333	1	0.206	1	0.960666666666667	1	0.382666666666667	1	0.164	1	0.999333333333333	0.999333333333333	1	0.985333333333333	1	1	1	1	1	1	1
Sample-6	1	0.718666666666667	1	0.976666666666667	1	0.999333333333333	1	0.996	1	1	0.954666666666667	1	1	1	1	1	1	0.824666666666667	1	1	1	1	0.76	1	0.958666666666667	1	0.996666666666667	1	0.214	1	0.877333333333333	0.600666666666667	1	0.867333333333333	1	0.999333333333333	1	0.734	1	0.988	1	1	0.845333333333333	1	1	1	1	1	1	1	1	1	0	1	0.996	1	1	1	1	1	0.036	1	1	1	1	1	1	1	1	1	1	1	0.998	1	1	1	0.998	1	1	1	1	1	1	1	1	1	1	0.996	1	1	1	1	1	1
Sample-61	1	1	1	1	1	1	1	1	1	1	1	1	1	1	1	1	1	1	1	1	1	0.999333333333333	1	0.26	1	0.201333333333333	1	0.852	1	1	1	0.783333333333333	0.986666666666667	1	0.77	1	1	1	0.999333333333333	1	1	1	1	0.583333333333333	1	0.153333333333333	1	0.998666666666667	1	0.694	1	0.160666666666667	1	0	1	0.992666666666667	1	1	1	0.954	1	1	0.746	1	1	1	1	1	1	1	0.905333333333333	1	1	1	1	0.193333333333333	1	0.96	1	0.382666666666667	1	0.159333333333333	1	1	1	1	0.985333333333333	1	1	1	1	1	1	1
Sample-62	1	1	1	0.811333333333333	0.999333333333333	0.989333333333333	1	0.994666666666667	0.256666666666667	0.996666666666667	1	0.930666666666667	1	0.986	0.962	1	1	1	1	0.962666666666667	1	1	0.999333333333333	1	0.987333333333333	1	0.999333333333333	1	0.998	0.978	0.276666666666667	1	1	0.973333333333333	1	0.998	0.982	0.995333333333333	0.998666666666667	0.991333333333333	0.998666666666667	1	1	1	1	1	0.997333333333333	1	1	1	0.999333333333333	1	0.996	1	0	1	0.996666666666667	1	1	1	0.99	0.998	1	0.995333333333333	0.991333333333333	0.951333333333333	0.994	0.981333333333333	1	0.987333333333333	1	1	1	1	0.997333333333333	0.998666666666667	0.998	1	1	1	0.256666666666667	1	1	1	1	0.256666666666667	1	0.990666666666667	0.256666666666667	0.865333333333333	0.961333333333333	0.976666666666667	0.970666666666667	1
Sample-63	1	1	1	1	1	1	1	1	1	1	1	1	1	1	1	1	1	1	1	1	1	1	1	0.992666666666667	1	0.992666666666667	1	0.992666666666667	1	1	1	0.992666666666667	0.992666666666667	1	0.992	1	0.997333333333333	1	0.993333333333333	1	0.995333333333333	1	1	0.992666666666667	1	0.992666666666667	1	0.998666666666667	1	0.992666666666667	1	0.992666666666667	1	0.992666666666667	1	0	1	1	1	0.992666666666667	1	1	0.992666666666667	1	1	1	1	1	1	1	0.992666666666667	1	1	1	1	0.992666666666667	1	0.992666666666667	1	0.992666666666667	1	0.992666666666667	1	1	0.998666666666667	1	0.992666666666667	1	1	1	1	1	1	1
Sample-64	1	0.994	1	0.996666666666667	0.999333333333333	0.996666666666667	1	1	0.996666666666667	1	0.994	0.996666666666667	0.505333333333333	0.732666666666667	0.996666666666667	0.994666666666667	1	1	1	0.990666666666667	1	1	0.999333333333333	1	0.996666666666667	1	0.497333333333333	1	0.994	0.996666666666667	0.990666666666667	0.994	0.650666666666667	0.994	1	0.998	0.996666666666667	0.996666666666667	0.998666666666667	0.491333333333333	0.998666666666667	1	1	1	0.71	1	0.510666666666667	1	0.499333333333333	1	0.500666666666667	1	1	1	0.996666666666667	1	0	0.646666666666667	1	1	0.996666666666667	0.998	1	0.996666666666667	0.996666666666667	0.648	0.996666666666667	0.996666666666667	1	0.996666666666667	1	1	1	1	1	0.998666666666667	1	1	1	1	0.996666666666667	1	1	1	1	0.996666666666667	1	0.996666666666667	0.996666666666667	0.996666666666667	0.996666666666667	0.996666666666667	0.996666666666667	1
Sample-65	1	1	1	1	1	1	1	1	1	1	1	1	1	0.729333333333333	1	1	1	1	1	1	1	1	1	1	1	1	1	1	1	1	1	1	0.344666666666667	1	1	0.988	1	1	1	1	1	1	1	1	1	1	1	1	1	1	1	1	1	1	1	1	0.646666666666667	0	1	1	1	1	1	1	1	0.634	1	1	1	1	1	1	1	1	1	1	1	1	0.998666666666667	1	1	1	1	1	1	1	1	1	1	1	1	1	1	1
Sample-66	1	1	1	1	1	1	1	1	1	1	1	1	0.631333333333333	1	1	1	1	1	1	1	1	1	0.33	1	1	1	1	1	1	1	1	1	1	1	1	1	1	1	1	1	1	1	0.998666666666667	1	0.994	1	1	1	1	1	1	1	1	1	1	1	1	1	0	1	1	0.728666666666667	1	1	1	1	0.295333333333333	1	1	1	1	1	1	1	1	1	1	1	1	1	1	1	1	1	1	1	1	1	1	1	1	0.253333333333333	1	0.530666666666667
Sample-67	1	1	0.999333333333333	1	1	1	0.999333333333333	1	0.984666666666667	1	1	0.999333333333333	1	1	1	1	1	1	1	1	1	1	1	0.954666666666667	0.963333333333333	0.954666666666667	1	0.954666666666667	1	1	1	0.954666666666667	0.989333333333333	1	0.954666666666667	0.989333333333333	1	1	1	1	0.999333333333333	1	1	0.954666666666667	1	0.953333333333333	1	0.998	1	0.954666666666667	1	0.954	1	0.954	1	0.992666666666667	1	1	1	0	1	1	0.954	0.988	0.963333333333333	1	1	1	1	1	0.954666666666667	1	1	1	1	0.954	1	0.963333333333333	1	0.954666666666667	1	0.954666666666667	1	1	0.301333333333333	1	0.985333333333333	0.988	1	1	1	1	1	1
Sample-68	1	0.718666666666667	1	0.967333333333333	0.999333333333333	0.99	1	1	0.990666666666667	0.999333333333333	0.954666666666667	0.990666666666667	1	0.990666666666667	0.990666666666667	1	1	0.824666666666667	1	0.990666666666667	1	1	0.759333333333333	1	0.947333333333333	1	0.996666666666667	1	0.214666666666667	0.990666666666667	0.872	0.59	1	0.867333333333333	1	0.997333333333333	0.990666666666667	0.716	0.998666666666667	0.980666666666667	0.998666666666667	1	0.845333333333333	1	1	1	0.999333333333333	1	1	1	0.999333333333333	1	0.036	1	0.99	1	0.996666666666667	1	1	1	0	0.998	1	0.995333333333333	0.993333333333333	0.990666666666667	0.994	0.990666666666667	1	0.990666666666667	1	1	0.998	1	0.999333333333333	0.998666666666667	1	1	1	1	0.990666666666667	1	1	1	1	0.990666666666667	1	0.996	0.990666666666667	0.990666666666667	0.990666666666667	0.990666666666667	0.990666666666667	1
Sample-69	1	0.999333333333333	1	0.998	0.999333333333333	0.998	1	0.508	0.998	1	1	0.998	0.728666666666667	0.998	0.998	1	1	0.998666666666667	1	0.998	1	1	0.725333333333333	1	0.998	1	1	1	1	0.998	0.998	1	0.999333333333333	0.999333333333333	0.999333333333333	0.998	0.998	0.998	0.998666666666667	0.998	0.998666666666667	1	1	1	0.994	1	1	1	1	1	0.999333333333333	1	1	1	0.998	1	0.998	1	0.728666666666667	1	0.998	0	1	0.998	0.998	0.998	0.722666666666667	0.998	1	0.998	1	1	1	1	1	0.998666666666667	1	1	1	1	0.998	1	1	1	1	0.998	1	0.997333333333333	0.998	0.998	0.995333333333333	0.71	0.998	0.728
Sample-7	0.77	1	0.746666666666667	1	1	1	0.999333333333333	1	1	1	1	1	1	1	1	1	0.906	1	1	1	0.749333333333333	0.97	1	0.582666666666667	1	0.746	1	0.858666666666667	1	1	1	0.786	0.989333333333333	1	0.777333333333333	1	1	1	1	1	0.999333333333333	1	1	0.744666666666667	1	0.744	1	0.746666666666667	1	0.495333333333333	1	0.745333333333333	1	0.746	1	0.992666666666667	1	1	1	0.954	1	1	0	1	1	1	1	1	0.925333333333333	1	0.892666666666667	1	1	0.948666666666667	1	0.729333333333333	1	0.712666666666667	1	0.480666666666667	1	0.746	1	0.747333333333333	0.916	1	0.985333333333333	1	1	1	1	1	1	1
Sample-70	1	1	1	0.995333333333333	0.999333333333333	0.995333333333333	1	1	0.983333333333333	1	1	0.994666666666667	1	0.995333333333333	0.841333333333333	1	1	1	1	0.995333333333333	1	1	0.999333333333333	1	0.983333333333333	1	1	1	1	0.995333333333333	0.995333333333333	1	1	1	1	0.988	0.990666666666667	0.995333333333333	0.844	0.995333333333333	0.998666666666667	1	1	1	1	1	1	1	1	1	0.999333333333333	1	1	1	0.995333333333333	1	0.996666666666667	1	1	0.988	0.995333333333333	0.998	1	0	0.943333333333333	0.993333333333333	0.995333333333333	0.993333333333333	1	0.995333333333333	1	1	1	0.845333333333333	1	0.998666666666667	1	1	1	1	0.995333333333333	1	0.999333333333333	1	1	0.995333333333333	1	0.987333333333333	0.995333333333333	0.995333333333333	0.995333333333333	0.995333333333333	0.995333333333333	0.554666666666667
Sample-71	1	1	1	0.994	0.999333333333333	0.994	1	1	0.978666666666667	0.98	1	0.993333333333333	1	0.994	0.954666666666667	1	1	1	1	0.994	1	1	0.999333333333333	1	0.916	1	1	1	1	0.994	0.994	1	1	1	1	0.987333333333333	0.989333333333333	0.995333333333333	0.959333333333333	0.994	0.998666666666667	1	1	1	1	1	0.98	1	1	1	0.999333333333333	1	1	1	0.991333333333333	1	0.996666666666667	1	1	0.963333333333333	0.993333333333333	0.998	1	0.943333333333333	0	0.994	0.816	0.992	1	0.994	1	1	1	0.96	0.98	0.998666666666667	1	1	1	1	0.994	1	1	1	1	0.994	1	0.984	0.994	0.994	0.994	0.994	0.994	1
Sample-72	1	1	1	0.951333333333333	0.999333333333333	0.989333333333333	1	1	0.951333333333333	1	1	0.948666666666667	1	0.718	0.962	1	1	1	1	0.962666666666667	1	1	0.999333333333333	1	0.987333333333333	1	1	1	1	0.978	0.951333333333333	1	0.642	1	1	0.998	0.982	0.995333333333333	0.998666666666667	0.992	0.998666666666667	1	1	1	1	1	1	1	1	1	0.999333333333333	1	1	1	0.951333333333333	1	0.648	0.634	1	1	0.990666666666667	0.998	1	0.993333333333333	0.994	0	0.994	0.904	1	0.987333333333333	1	1	1	1	1	0.998666666666667	1	1	0.985333333333333	1	0.951333333333333	1	1	1	1	0.951333333333333	1	0.996	0.951333333333333	0.951333333333333	0.961333333333333	0.976666666666667	0.970666666666667	1
Sample-73	1	1	1	0.994	0.999333333333333	0.994	1	1	0.994	1	1	0.994	0.631333333333333	0.994	0.994	1	1	1	1	0.994	1	1	0.316666666666667	1	0.994	1	1	1	1	0.994	0.994	1	1	1	1	0.998	0.994	0.995333333333333	0.998666666666667	0.994	0.998666666666667	1	1	1	0.994	1	1	1	1	1	0.999333333333333	1	1	1	0.994	1	0.996666666666667	1	0.295333333333333	1	0.994	0.722666666666667	1	0.995333333333333	0.816	0.994	0	0.992	1	0.994	1	1	1	1	1	0.998666666666667	1	1	1	1	0.994	1	1	1	1	0.994	1	0.996	0.994	0.993333333333333	0.994	0.278666666666667	0.994	0.525333333333333
